	1	2	3	4	5	6	7	8	9	10	11	12	13	14	15	16	17	18	19	20	21	22	23	24	25	26	27	28	29	average
# episodes	112 	218 	125 	85 	329 	89 	99 	160 	126 	67 	132 	235 	345 	128 	156 	158 	284 	69 	158 	327 	158 	65 	142 	110 	125 	129 	102 	241 	125 	125.0 
Total time (h)	1.0 	1.0 	0.7 	2.1 	2.8 	1.3 	0.7 	1.0 	1.3 	0.8 	1.2 	4.9 	4.6 	1.4 	1.2 	1.7 	4.9 	1.0 	1.2 	6.3 	2.2 	1.8 	1.6 	1.9 	2.9 	1.6 	1.5 	8.5 	3.1 	3.1 
Total reward	-481822 	-665628 	-401846 	-618193 	-941387 	-442142 	-456005 	-879031 	-235383 	-134498 	-817118 	-21187945 	-1983352 	-553706 	-365516 	-421392 	-341037 	-188168 	-475932 	-1655185 	-1283051 	-696367 	-391072 	-226670 	-1062064 	-373794 	-129548 	-494263 	-1261705 	-1261705.0 
Max reward value	25.4 	25.4 	25.3 	25.4 	25.5 	25.4 	25.4 	25.3 	25.4 	25.4 	25.4 	25.5 	25.5 	25.3 	25.2 	25.4 	25.5 	25.4 	25.3 	25.5 	25.3 	25.4 	25.3 	25.5 	25.3 	25.4 	25.4 	25.5 	25.3 	25.3 
Min reward value	-107.3 	-109.8 	-114.5 	-102.0 	-682.8 	-215.9 	-104.7 	-109.3 	-107.7 	-102.7 	-104.5 	-6448.9 	-124.5 	-137.9 	-102.6 	-111.4 	-169.7 	-106.5 	-172.7 	-116.8 	-106.4 	-1013.4 	-105.8 	-107.6 	-108.3 	-108.5 	-104.9 	-695.8 	-707.0 	-707.0 

TrackPos_centerRoad	26.1 	29.8 	25.0 	31.0 	39.0 	38.4 	54.5 	30.7 	29.5 	23.8 	26.7 	46.8 	43.9 	38.9 	26.2 	53.4 	41.8 	25.9 	40.9 	20.7 	25.1 	25.0 	55.5 	68.7 	27.3 	60.3 	44.3 	49.5 	28.9 	37.2 	
TrackPos_leftOffRoad	7.8 	17.3 	40.1 	18.2 	14.3 	13.6 	6.7 	15.5 	11.2 	49.7 	23.5 	5.6 	29.8 	5.9 	16.2 	3.8 	8.3 	38.4 	12.7 	44.3 	41.7 	5.2 	8.5 	3.7 	43.4 	2.0 	5.3 	2.8 	43.6 	18.6 	
TrackPos_limitRoad	57.3 	33.2 	30.7 	43.0 	39.1 	38.5 	30.4 	42.8 	42.3 	20.7 	46.1 	35.0 	23.9 	50.5 	37.3 	32.4 	46.4 	25.7 	34.9 	31.3 	29.4 	66.3 	24.7 	21.5 	24.1 	24.1 	43.8 	45.0 	21.9 	35.9 	
TrackPos_rightOffRoad	8.8 	19.8 	4.2 	7.8 	7.6 	9.5 	8.5 	11.1 	17.1 	5.8 	3.6 	12.6 	2.4 	4.8 	20.3 	10.4 	3.4 	10.0 	11.5 	3.8 	3.8 	3.5 	11.3 	6.1 	5.2 	13.6 	6.5 	2.7 	5.6 	8.3 	
TrackPos_default	0.0 	0.0 	0.0 	0.0 	0.0 	0.0 	0.0 	0.0 	0.0 	0.0 	0.0 	0.0 	0.0 	0.0 	0.0 	0.0 	0.0 	0.0 	0.0 	0.0 	0.0 	0.0 	0.0 	0.0 	0.0 	0.0 	0.0 	0.0 	0.0 	0.0 	
Speed goingStraight	17.7 	33.1 	43.4 	26.5 	20.1 	21.2 	14.7 	16.6 	28.3 	54.8 	20.9 	18.3 	28.8 	10.5 	33.9 	9.4 	10.9 	48.5 	21.9 	45.6 	38.6 	7.2 	16.5 	7.4 	46.8 	14.1 	9.4 	4.6 	45.7 	24.7 	
Speed Turning	81.4 	60.3 	54.8 	72.7 	76.0 	73.2 	83.1 	71.1 	69.1 	43.0 	71.4 	75.3 	65.5 	88.0 	61.6 	83.4 	86.1 	49.2 	71.7 	49.5 	52.9 	86.4 	78.2 	89.0 	49.9 	81.5 	85.9 	92.0 	47.5 	70.7 	
Speed Stuck	0.9 	6.6 	1.8 	0.9 	3.9 	5.6 	2.2 	12.2 	2.6 	2.2 	7.7 	6.3 	5.7 	1.5 	4.4 	7.1 	3.0 	2.3 	6.4 	4.8 	8.5 	6.4 	5.3 	3.6 	3.3 	4.5 	4.6 	3.3 	6.9 	4.6 	
Speed_default	0.0 	0.0 	0.0 	0.0 	0.0 	0.0 	0.0 	0.0 	0.0 	0.0 	0.0 	0.0 	0.0 	0.0 	0.0 	0.0 	0.0 	0.0 	0.0 	0.0 	0.0 	0.0 	0.0 	0.0 	0.0 	0.0 	0.0 	0.0 	0.0 	0.0 	
Damage_normal	99.6 	99.5 	99.2 	99.6 	99.5 	99.6 	99.2 	99.4 	99.3 	98.7 	99.6 	99.7 	99.4 	99.5 	99.1 	99.6 	99.6 	98.9 	99.0 	99.3 	99.4 	99.8 	99.0 	99.6 	99.5 	99.3 	99.6 	99.9 	99.5 	99.4 	
Damage_damaged	0.4 	0.5 	0.8 	0.4 	0.5 	0.4 	0.8 	0.6 	0.7 	1.3 	0.4 	0.3 	0.6 	0.5 	0.9 	0.4 	0.4 	1.1 	1.0 	0.7 	0.6 	0.2 	1.0 	0.4 	0.5 	0.7 	0.4 	0.1 	0.5 	0.6 	
Damage_default	0.0 	0.0 	0.0 	0.0 	0.0 	0.0 	0.0 	0.0 	0.0 	0.0 	0.0 	0.0 	0.0 	0.0 	0.0 	0.0 	0.0 	0.0 	0.0 	0.0 	0.0 	0.0 	0.0 	0.0 	0.0 	0.0 	0.0 	0.0 	0.0 	0.0 	
OpponentsRight_carToTheRight	0.0 	0.0 	0.0 	0.0 	0.0 	0.0 	0.0 	0.0 	0.0 	0.0 	0.0 	0.0 	0.0 	0.0 	0.0 	0.0 	0.0 	0.0 	0.0 	0.0 	0.0 	0.0 	0.0 	0.0 	0.0 	0.0 	0.0 	0.0 	0.0 	0.0 	
OpponentsRight_carCloseToTheRight	0.0 	0.0 	0.0 	0.0 	0.0 	0.0 	0.0 	0.0 	0.0 	0.0 	0.0 	0.0 	0.0 	0.0 	0.0 	0.0 	0.0 	0.0 	0.0 	0.0 	0.0 	0.0 	0.0 	0.0 	0.0 	0.0 	0.0 	0.0 	0.0 	0.0 	
OpponentsRight_rightFree	100.0 	100.0 	100.0 	100.0 	100.0 	100.0 	100.0 	100.0 	100.0 	100.0 	100.0 	100.0 	100.0 	100.0 	100.0 	100.0 	100.0 	100.0 	100.0 	100.0 	100.0 	100.0 	100.0 	100.0 	100.0 	100.0 	100.0 	100.0 	100.0 	100.0 	
OpponentsRight_carFarToTheRight	0.0 	0.0 	0.0 	0.0 	0.0 	0.0 	0.0 	0.0 	0.0 	0.0 	0.0 	0.0 	0.0 	0.0 	0.0 	0.0 	0.0 	0.0 	0.0 	0.0 	0.0 	0.0 	0.0 	0.0 	0.0 	0.0 	0.0 	0.0 	0.0 	0.0 	
OpponentsRight_default	0.0 	0.0 	0.0 	0.0 	0.0 	0.0 	0.0 	0.0 	0.0 	0.0 	0.0 	0.0 	0.0 	0.0 	0.0 	0.0 	0.0 	0.0 	0.0 	0.0 	0.0 	0.0 	0.0 	0.0 	0.0 	0.0 	0.0 	0.0 	0.0 	0.0 	
OpponentsBehind_carCloseBehind	0.0 	0.0 	0.0 	0.0 	0.0 	0.0 	0.0 	0.0 	0.0 	0.0 	0.0 	0.0 	0.0 	0.0 	0.0 	0.0 	0.0 	0.0 	0.0 	0.0 	0.0 	0.0 	0.0 	0.0 	0.0 	0.0 	0.0 	0.0 	0.0 	0.0 	
OpponentsBehind_carBehind	0.0 	0.0 	0.0 	0.0 	0.0 	0.0 	0.0 	0.0 	0.0 	0.0 	0.0 	0.0 	0.0 	0.0 	0.0 	0.0 	0.0 	0.0 	0.0 	0.0 	0.0 	0.0 	0.0 	0.0 	0.0 	0.0 	0.0 	0.0 	0.0 	0.0 	
OpponentsBehind_carFarbehind	0.0 	0.0 	0.0 	0.0 	0.0 	0.0 	0.0 	0.0 	0.0 	0.0 	0.0 	0.0 	0.0 	0.0 	0.0 	0.0 	0.0 	0.0 	0.0 	0.0 	0.0 	0.0 	0.0 	0.0 	0.0 	0.0 	0.0 	0.0 	0.0 	0.0 	
OpponentsBehind_behindFree	100.0 	100.0 	100.0 	100.0 	100.0 	100.0 	100.0 	100.0 	100.0 	100.0 	100.0 	100.0 	100.0 	100.0 	100.0 	100.0 	100.0 	100.0 	100.0 	100.0 	100.0 	100.0 	100.0 	100.0 	100.0 	100.0 	100.0 	100.0 	100.0 	100.0 	
OpponentsBehind_default	0.0 	0.0 	0.0 	0.0 	0.0 	0.0 	0.0 	0.0 	0.0 	0.0 	0.0 	0.0 	0.0 	0.0 	0.0 	0.0 	0.0 	0.0 	0.0 	0.0 	0.0 	0.0 	0.0 	0.0 	0.0 	0.0 	0.0 	0.0 	0.0 	0.0 	
OpponentsLeft_carCloseToTheLeft	0.0 	0.0 	0.0 	0.0 	0.0 	0.0 	0.0 	0.0 	0.0 	0.0 	0.0 	0.0 	0.0 	0.0 	0.0 	0.0 	0.0 	0.0 	0.0 	0.0 	0.0 	0.0 	0.0 	0.0 	0.0 	0.0 	0.0 	0.0 	0.0 	0.0 	
OpponentsLeft_carToTheLeft	0.0 	0.0 	0.0 	0.0 	0.0 	0.0 	0.0 	0.0 	0.0 	0.0 	0.0 	0.0 	0.0 	0.0 	0.0 	0.0 	0.0 	0.0 	0.0 	0.0 	0.0 	0.0 	0.0 	0.0 	0.0 	0.0 	0.0 	0.0 	0.0 	0.0 	
OpponentsLeft_carFarToTheLeft	0.0 	0.0 	0.0 	0.0 	0.0 	0.0 	0.0 	0.0 	0.0 	0.0 	0.0 	0.0 	0.0 	0.0 	0.0 	0.0 	0.0 	0.0 	0.0 	0.0 	0.0 	0.0 	0.0 	0.0 	0.0 	0.0 	0.0 	0.0 	0.0 	0.0 	
OpponentsLeft_leftFree	100.0 	100.0 	100.0 	100.0 	100.0 	100.0 	100.0 	100.0 	100.0 	100.0 	100.0 	100.0 	100.0 	100.0 	100.0 	100.0 	100.0 	100.0 	100.0 	100.0 	100.0 	100.0 	100.0 	100.0 	100.0 	100.0 	100.0 	100.0 	100.0 	100.0 	
OpponentsLeft_default	0.0 	0.0 	0.0 	0.0 	0.0 	0.0 	0.0 	0.0 	0.0 	0.0 	0.0 	0.0 	0.0 	0.0 	0.0 	0.0 	0.0 	0.0 	0.0 	0.0 	0.0 	0.0 	0.0 	0.0 	0.0 	0.0 	0.0 	0.0 	0.0 	0.0 	
OpponentsAhead_carCloseAhead	0.0 	0.0 	0.0 	0.0 	0.0 	0.0 	0.0 	0.0 	0.0 	0.0 	0.0 	0.0 	0.0 	0.0 	0.0 	0.0 	0.0 	0.0 	0.0 	0.0 	0.0 	0.0 	0.0 	0.0 	0.0 	0.0 	0.0 	0.0 	0.0 	0.0 	
OpponentsAhead_carAhead	0.0 	0.0 	0.0 	0.0 	0.0 	0.0 	0.0 	0.0 	0.0 	0.0 	0.0 	0.0 	0.0 	0.0 	0.0 	0.0 	0.0 	0.0 	0.0 	0.0 	0.0 	0.0 	0.0 	0.0 	0.0 	0.0 	0.0 	0.0 	0.0 	0.0 	
OpponentsAhead_carFarAhead	0.0 	0.0 	0.0 	0.0 	0.0 	0.0 	0.0 	0.0 	0.0 	0.0 	0.0 	0.0 	0.0 	0.0 	0.0 	0.0 	0.0 	0.0 	0.0 	0.0 	0.0 	0.0 	0.0 	0.0 	0.0 	0.0 	0.0 	0.0 	0.0 	0.0 	
OpponentsAhead_frontFree	100.0 	100.0 	100.0 	100.0 	100.0 	100.0 	100.0 	100.0 	100.0 	100.0 	100.0 	100.0 	100.0 	100.0 	100.0 	100.0 	100.0 	100.0 	100.0 	100.0 	100.0 	100.0 	100.0 	100.0 	100.0 	100.0 	100.0 	100.0 	100.0 	100.0 	
OpponentsAhead_default	0.0 	0.0 	0.0 	0.0 	0.0 	0.0 	0.0 	0.0 	0.0 	0.0 	0.0 	0.0 	0.0 	0.0 	0.0 	0.0 	0.0 	0.0 	0.0 	0.0 	0.0 	0.0 	0.0 	0.0 	0.0 	0.0 	0.0 	0.0 	0.0 	0.0 	