	1	2	3	4	5	6	7	8	9	10	11	12	13	14	15	16	17	average
# episodes	103 	119 	73 	139 	164 	190 	231 	56 	117 	94 	183 	149 	149 	102 	142 	122 	115 	115.0 
Total time (h)	0.6 	0.7 	0.6 	1.4 	0.7 	1.1 	1.4 	0.6 	1.0 	0.9 	1.9 	1.0 	1.4 	1.0 	1.3 	2.2 	0.9 	0.9 
Total reward	-235723 	-371689 	-534618 	-573848 	-580084 	-644990 	-1104376 	-312350 	-527002 	-416617 	-1319329 	-534759 	-344131 	-356770 	-619499 	-1548554 	-285352 	-285352.0 
Max reward value	29.8 	29.7 	29.7 	29.7 	29.7 	29.8 	29.7 	29.7 	29.7 	29.7 	29.9 	29.7 	29.9 	29.8 	29.9 	29.9 	29.7 	29.7 
Min reward value	-125.7 	-148.2 	-152.2 	-185.1 	-165.6 	-155.2 	-158.4 	-149.6 	-155.5 	-161.4 	-152.8 	-149.6 	-153.8 	-153.1 	-150.3 	-146.9 	-165.9 	-165.9 

TrackPos_centerRoad	37.2 	52.8 	33.4 	17.6 	26.1 	39.5 	31.3 	44.9 	15.1 	54.1 	42.5 	27.3 	28.5 	27.2 	32.9 	60.5 	28.9 	35.3 	
TrackPos_leftOffRoad	1.2 	4.1 	29.8 	35.9 	43.5 	13.6 	2.1 	9.9 	55.7 	5.4 	10.1 	38.4 	37.8 	11.5 	38.2 	5.5 	39.9 	22.5 	
TrackPos_limitRoad	48.9 	34.2 	33.1 	17.8 	22.4 	37.7 	49.4 	35.8 	23.8 	30.2 	42.6 	24.3 	30.0 	26.9 	19.7 	31.7 	23.3 	31.3 	
TrackPos_rightOffRoad	12.7 	8.9 	3.7 	28.7 	7.9 	9.2 	17.3 	9.5 	5.3 	10.4 	4.8 	10.0 	3.7 	34.3 	9.2 	2.3 	7.9 	10.9 	
TrackPos_default	0.0 	0.0 	0.0 	0.0 	0.0 	0.0 	0.0 	0.0 	0.0 	0.0 	0.0 	0.0 	0.0 	0.0 	0.0 	0.0 	0.0 	0.0 	
Speed goingStraight	14.6 	10.8 	32.5 	66.6 	49.6 	24.6 	20.1 	19.0 	59.7 	16.6 	13.7 	46.1 	41.4 	48.5 	43.7 	8.7 	48.6 	33.2 	
Speed Turning	80.8 	84.9 	65.5 	31.7 	45.1 	72.7 	71.0 	79.1 	37.5 	81.3 	70.3 	47.7 	56.7 	49.2 	50.0 	57.7 	49.1 	60.6 	
Speed Stuck	4.6 	4.3 	1.9 	1.7 	5.3 	2.7 	8.9 	1.9 	2.8 	2.1 	16.0 	6.1 	1.9 	2.3 	6.3 	33.6 	2.3 	6.2 	
Speed_default	0.0 	0.0 	0.0 	0.0 	0.0 	0.0 	0.0 	0.0 	0.0 	0.0 	0.0 	0.0 	0.0 	0.0 	0.0 	0.0 	0.0 	0.0 	
Damage_normal	99.6 	99.5 	99.4 	98.4 	98.9 	99.6 	99.6 	99.4 	98.9 	99.5 	99.8 	99.1 	99.2 	99.1 	98.9 	99.8 	98.6 	99.2 	
Damage_damaged	0.4 	0.5 	0.6 	1.6 	1.1 	0.4 	0.4 	0.6 	1.1 	0.5 	0.2 	0.9 	0.8 	0.9 	1.1 	0.2 	1.4 	0.8 	
Damage_default	0.0 	0.0 	0.0 	0.0 	0.0 	0.0 	0.0 	0.0 	0.0 	0.0 	0.0 	0.0 	0.0 	0.0 	0.0 	0.0 	0.0 	0.0 	
OpponentsRight_carToTheRight	0.0 	0.0 	0.0 	0.0 	0.0 	0.0 	0.0 	0.0 	0.0 	0.0 	0.0 	0.0 	0.0 	0.0 	0.0 	0.0 	0.0 	0.0 	
OpponentsRight_carCloseToTheRight	0.0 	0.0 	0.0 	0.0 	0.0 	0.0 	0.0 	0.0 	0.0 	0.0 	0.0 	0.0 	0.0 	0.0 	0.0 	0.0 	0.0 	0.0 	
OpponentsRight_rightFree	100.0 	100.0 	100.0 	100.0 	100.0 	100.0 	100.0 	100.0 	100.0 	100.0 	100.0 	100.0 	100.0 	100.0 	100.0 	100.0 	100.0 	100.0 	
OpponentsRight_carFarToTheRight	0.0 	0.0 	0.0 	0.0 	0.0 	0.0 	0.0 	0.0 	0.0 	0.0 	0.0 	0.0 	0.0 	0.0 	0.0 	0.0 	0.0 	0.0 	
OpponentsRight_default	0.0 	0.0 	0.0 	0.0 	0.0 	0.0 	0.0 	0.0 	0.0 	0.0 	0.0 	0.0 	0.0 	0.0 	0.0 	0.0 	0.0 	0.0 	
OpponentsBehind_carCloseBehind	0.0 	0.0 	0.0 	0.0 	0.0 	0.0 	0.0 	0.0 	0.0 	0.0 	0.0 	0.0 	0.0 	0.0 	0.0 	0.0 	0.0 	0.0 	
OpponentsBehind_carBehind	0.0 	0.0 	0.0 	0.0 	0.0 	0.0 	0.0 	0.0 	0.0 	0.0 	0.0 	0.0 	0.0 	0.0 	0.0 	0.0 	0.0 	0.0 	
OpponentsBehind_carFarbehind	0.0 	0.0 	0.0 	0.0 	0.0 	0.0 	0.0 	0.0 	0.0 	0.0 	0.0 	0.0 	0.0 	0.0 	0.0 	0.0 	0.0 	0.0 	
OpponentsBehind_behindFree	100.0 	100.0 	100.0 	100.0 	100.0 	100.0 	100.0 	100.0 	100.0 	100.0 	100.0 	100.0 	100.0 	100.0 	100.0 	100.0 	100.0 	100.0 	
OpponentsBehind_default	0.0 	0.0 	0.0 	0.0 	0.0 	0.0 	0.0 	0.0 	0.0 	0.0 	0.0 	0.0 	0.0 	0.0 	0.0 	0.0 	0.0 	0.0 	
OpponentsLeft_carCloseToTheLeft	0.0 	0.0 	0.0 	0.0 	0.0 	0.0 	0.0 	0.0 	0.0 	0.0 	0.0 	0.0 	0.0 	0.0 	0.0 	0.0 	0.0 	0.0 	
OpponentsLeft_carToTheLeft	0.0 	0.0 	0.0 	0.0 	0.0 	0.0 	0.0 	0.0 	0.0 	0.0 	0.0 	0.0 	0.0 	0.0 	0.0 	0.0 	0.0 	0.0 	
OpponentsLeft_carFarToTheLeft	0.0 	0.0 	0.0 	0.0 	0.0 	0.0 	0.0 	0.0 	0.0 	0.0 	0.0 	0.0 	0.0 	0.0 	0.0 	0.0 	0.0 	0.0 	
OpponentsLeft_leftFree	100.0 	100.0 	100.0 	100.0 	100.0 	100.0 	100.0 	100.0 	100.0 	100.0 	100.0 	100.0 	100.0 	100.0 	100.0 	100.0 	100.0 	100.0 	
OpponentsLeft_default	0.0 	0.0 	0.0 	0.0 	0.0 	0.0 	0.0 	0.0 	0.0 	0.0 	0.0 	0.0 	0.0 	0.0 	0.0 	0.0 	0.0 	0.0 	
OpponentsAhead_carCloseAhead	0.0 	0.0 	0.0 	0.0 	0.0 	0.0 	0.0 	0.0 	0.0 	0.0 	0.0 	0.0 	0.0 	0.0 	0.0 	0.0 	0.0 	0.0 	
OpponentsAhead_carAhead	0.0 	0.0 	0.0 	0.0 	0.0 	0.0 	0.0 	0.0 	0.0 	0.0 	0.0 	0.0 	0.0 	0.0 	0.0 	0.0 	0.0 	0.0 	
OpponentsAhead_carFarAhead	0.0 	0.0 	0.0 	0.0 	0.0 	0.0 	0.0 	0.0 	0.0 	0.0 	0.0 	0.0 	0.0 	0.0 	0.0 	0.0 	0.0 	0.0 	
OpponentsAhead_frontFree	100.0 	100.0 	100.0 	100.0 	100.0 	100.0 	100.0 	100.0 	100.0 	100.0 	100.0 	100.0 	100.0 	100.0 	100.0 	100.0 	100.0 	100.0 	
OpponentsAhead_default	0.0 	0.0 	0.0 	0.0 	0.0 	0.0 	0.0 	0.0 	0.0 	0.0 	0.0 	0.0 	0.0 	0.0 	0.0 	0.0 	0.0 	0.0 	